3158539628375348
3337465828248404
3112804683572030
5435528978467581
6706465468107999
6304362971054667
6706169762827894
4844104341377697
4913405490886727
4844885754351829
6371473570875275
6381475006869978
6389057917814806
347100734345549
6011162533805000
6011621663574413
6011824617460743
4539318768050385
36880982786892
36845793345501
36661154562232
5893329089846994
6761680165952016
6763100400984029
5127043299122389
5330838017737340
5429168755154025
375354034606481
379570632133224
4485521241443135
4532916206508075
5590976687287124
5540641137519895
30522070708059
30066552673241
30365487186802
